13984
120
21070
12097
2927
16394
29858
23371
22505
4623
8640
774
15
5135
4250
5847
6967
28680
22037
13648
9025
6108
7135
2742
14960
7351
14217
9965
12065
8871
4402
288
24281
12972
25431
4129
555
28167
6558
32012
8982
5667
30635
10675
15433
27284
11852
16408
6983
29200
12620
6893
23035
10386
2906
23335
7392
20451
30023
17559
19687
30701
2552
5821
30265
11198
31049
21807
5296
28417
13118
12181
24424
12480
18885
22697
27191
16990
11379
22102
15860
3561
31740
5028
10312
4482
10785
31530
8813
14656
13889
9679
24555
17364
17753
32567
10799
12102
14622
7758
6868
21598
2395
30114
26113
26606
25965
28083
5369
30746
8440
9860
22852
5224
19123
16479
8199
20031
15598
23053
6756
19772
19836
18192
6280
13941
23652
21835
12897
2406
14894
9523
21492
29584
10785
842
5634
5309
17534
18692
23832
3565
26657
25134
20436
31283
14170
6444
20446
9386
15446
20043
7762
22816
31122
2810
18917
4189
917
18368
20208
2839
17049
22075
19048
9915
31573
8836
10601
17862
22323
23935
22892
21706
19643
14943
18648
4465
19669
29296
10454
2470
4341
27213
6004
17309
2323
32330
23266
16329
10854
14526
21171
2883
3205
539
18690
21686
13854
31108
22263
5216
20712
23965
28680
17432
8549
3770
24489
25681
478
20621
5627
20612
2919
14348
19382
21583
5335
21337
3894
18831
22672
25275
2890
24742
24785
22710
10719
2805
26085
22139
10494
17099
21506
25545
10553
6491
22835
13856
7004
25983
32749
22569
2407
23017
430
31644
18451
26113
32632
13247
18339
19901
27437
30232
21667
9921
29746
4190
8772
14139
1708
2672
21234
5721
16740
8192
4363
32059
19944
24548
10447
20959
5735
27841
7666
7988
6785
14653
25499
1817
2773
13591
12392
4326
31977
13504
23436
24686
30367
28248
131
7664
3216
18812
6046
3710
1785
20315
32008
15796
1469
22775
32588
893
7046
7426
3095
31457
23458
7535
26468
24606
3237
18942
20644
24651
23804
22395
25637
22377
20493
7688
18125
25665
27142
26637
27118
18136
15883
31963
17515
32442
31233
1081
30517
26277
24327
25990
29916
7830
7392
16068
17722
31919
29298
11355
13386
1442
2916
4203
7926
15220
25480
5785
15048
18088
19004
13908
32481
31750
9680
14114
11183
9724
17466
18941
5736
6474
28766
14220
31370
4832
27124
15431
23602
4481
25767
9518
571
7406
28996
19660
558
17903
20279
9921
30359
25109
22139
17124
14134
27260
5856
622
12709
1160
15405
13839
9101
14603
6522
22363
18493
8641
11934
4273
27313
6799
19999
22458
1205
17341
17966
5686
15230
29228
11757
21941
25610
25608
21449
21627
26387
7583
19978
29340
32379
30685
23798
7564
4922
29695
1212
1094
4784
4747
531
18418
30341
12419
32474
9009
3837
16275
25306
27018
29224
24720
13861
22626
16529
12154
878
21592
31603
27737
27909
2040
19010
27207
31070
16877
12012
13542
29662
30723
15931
12827
5113
23401
29412
25509
28689
10306
3585
29626
24663
3985
5120
18327
15243
23531
11618
3945
16689
9844
13729
28841
8309
6488
28971
20984
29787
8171
14808
11862
19642
1858
12439
13013
26604
18901
26292
26608
25420
14698
7110
28466
30415
9952
26423
27270
16308
23939
28735
27462
24248
15222
24243
15877
20394
21903
8069
606
1072
923
14088
1733
5070
16412
1979
4911
5772
25459
11545
29837
4744
8745
29273
26291
6382
17103
20067
30793
1621
27398
30864
13927
13238
6674
10001
887
14162
2366
32730
26715
19784
15536
1948
15264
10393
31315
960
27329
23475
26508
10547
4121
23672
29364
12588
24420
12214
2769
14964
17837
31773
30258
25516
21611
17029
23810
21509
12592
22892
24830
28222
15874
12660
25362
24318
30950
18682
19166
20534
8824
6358
16944
6350
6646
32377
25197
3370
27176
27898
15881
22158
11172
7967
24303
21070
11920
30593
28371
2184
16566
31066
17667
26556
8887
8464
12772
5707
10468
8328
27078
19343
10157
30821
15708
29363
25097
17139
2081
21017
29834
6768
17663
31736
23633
25890
20401
28576
1835
8411
11022
16446
13180
11244
10380
12154
6065
8971
19441
31545
4412
31966
2378
30399
8739
13618
28887
28841
32684
31660
30210
706
14331
23436
22335
3927
7474
18292
11686
29467
10358
1037
100
23747
1849
15956
745
4007
20062
7630
19688
21160
14921
11524
28379
2308
2656
16265
30771
24336
17560
5075
9377
29893
25309
23362
25438
16980
18743
20643
12631
26653
31890
25166
31064
14623
11389
17091
17015
21026
27445
26905
28496
5212
10995
17887
18373
5065
3548
5548
2269
2586
20836
7056
2920
4182
9170
21853
30023
16165
14085
23291
13013
17111
14500
18356
31460
10844
7745
25114
10928
13538
25454
23264
19542
21413
31941
29084
30344
26321
16410
27613
6076
17828
13203
3207
1663
15497
23121
5425
30627
3490
17322
23403
28346
31250
25659
26516
21765
24999
7207
21707
1991
18230
15008
29241
32525
23179
30264
29806
2902
30069
26038
4070
18640
26320
7537
977
16649
20495
8349
25130
14686
25897
2878
19512
29927
28125
20334
20411
8285
30019
911
15567
20740
7275
14997
12679
7728
8026
20385
24164
8436
4983
29263
20595
27901
24038
15612
27468
19837
26754
14719
18138
9759
18605
4163
20018
22093
30207
14534
24124
17213
31877
10724
30319
1519
7258
23709
1864
9003
3893
27652
11499
4076
20714
20129
14495
29557
10950
25680
27751
5542
26755
4346
15908
26194
18563
20459
28794
32325
26864
1313
19576
32595
18539
28476
1262
24380
28835
28081
10620
6446
10411
1935
27471
9065
25898
22167
2577
393
25209
5752
13734
21844
1537
20567
15288
11738
19825
22453
22729
9807
3777
14807
24537
15801
20451
22385
18065
4610
19139
2390
8497
21387
22193
13920
29586
5530
17405
8733
19885
11046
23951
23618
12927
13475
18206
3605
15155
7397
4170
1364
1733
1587
15754
14789
19608
8605
24547
19023
9353
21567
221
23008
5467
11380
3337
23276
21971
6001
10163
30283
27561
25541
7523
3320
8557
12067
9851
23528
4441
10507
14639
25902
23761
22058
25308
30971
12882
20109
5225
1079
20102
17969
20611
2405
27399
11745
17163
16295
28080
27572
4252
12514
21193
18024
27678
16444
13453
6226
18560
26630
8141
31302
18677
472
15959
42
19771
32061
14994
